0	0	0	0	0	0	0	0	0	0	0	0
37451751184689604e-21	37451751184689604e-21	37451751184689604e-21	37451751184689604e-21	37451751184689604e-21	37451751184689604e-21	37451751184689604e-21	37451751184689604e-21	37451751184689604e-21	37451751184689604e-21	37451751184689604e-21	37451751184689604e-21
0.00011837879766513046	0.00011837879766513046	0.00011837879766513046	0.00011837879766513046	0.00011837879766513046	0.00011837879766513046	0.00011837879766513046	0.00011837879766513046	0.00011837879766513046	0.00011837879766513046	0.00011837879766513046	0.00011837879766513046
0.000242133984139367	0.000242133984139367	0.000242133984139367	0.000242133984139367	0.000242133984139367	0.000242133984139367	0.000242133984139367	0.000242133984139367	0.000242133984139367	0.000242133984139367	0.000242133984139367	0.000242133984139367
0.0004088498556033396	0.0004088498556033396	0.0004088498556033396	0.0004088498556033396	0.0004088498556033396	0.0004088498556033396	0.0004088498556033396	0.0004088498556033396	0.0004088498556033396	0.0004088498556033396	0.0004088498556033396	0.0004088498556033396
0.000653231806899315	0.000653231806899315	0.000653231806899315	0.000653231806899315	0.000653231806899315	0.000653231806899315	0.000653231806899315	0.000653231806899315	0.000653231806899315	0.000653231806899315	0.000653231806899315	0.000653231806899315
0.0010330330797435569	0.0010330330797435569	0.0010330330797435569	0.0010330330797435569	0.0010330330797435569	0.0010330330797435569	0.0010330330797435569	0.0010330330797435569	0.0010330330797435569	0.0010330330797435569	0.0010330330797435569	0.0010330330797435569
0.0016746034337262394	0.0016746034337262394	0.0016746034337262394	0.0016746034337262394	0.0016746034337262394	0.0016746034337262394	0.0016746034337262394	0.0016746034337262394	0.0016746034337262394	0.0016746034337262394	0.0016746034337262394	0.0016746034337262394
0.0029263845492493905	0.0029263845492493905	0.0029263845492493905	0.0029263845492493905	0.0029263845492493905	0.0029263845492493905	0.0029263845492493905	0.0029263845492493905	0.0029263845492493905	0.0029263845492493905	0.0029263845492493905	0.0029263845492493905
0.005527933507860034	0.005527933507860034	0.005527933507860034	0.005527933507860034	0.005527933507860034	0.005527933507860034	0.005527933507860034	0.005527933507860034	0.005527933507860034	0.005527933507860034	0.005527933507860034	0.005527933507860034
0.010870533189211894	0.010870533189211894	0.010870533189211894	0.010870533189211894	0.010870533189211894	0.010870533189211894	0.010870533189211894	0.010870533189211894	0.010870533189211894	0.010870533189211894	0.010870533189211894	0.010870533189211894
0.021052055006598985	0.021052055006598985	0.021052055006598985	0.021052055006598985	0.021052055006598985	0.021052055006598985	0.021052055006598985	0.021052055006598985	0.021052055006598985	0.021052055006598985	0.021052055006598985	0.021052055006598985
0.03899266472878944	0.03899266472878944	0.03899266472878944	0.03899266472878944	0.03899266472878944	0.03899266472878944	0.03899266472878944	0.03899266472878944	0.03899266472878944	0.03899266472878944	0.03899266472878944	0.03899266472878944
0.06862474084012278	0.06862474084012278	0.06862474084012278	0.06862474084012278	0.06862474084012278	0.06862474084012278	0.06862474084012278	0.06862474084012278	0.06862474084012278	0.06862474084012278	0.06862474084012278	0.06862474084012278
0.11162018553299737	0.11162018553299737	0.11162018553299737	0.11162018553299737	0.11162018553299737	0.11162018553299737	0.11162018553299737	0.11162018553299737	0.11162018553299737	0.11162018553299737	0.11162018553299737	0.11162018553299737
0.1648291941580826	0.1648291941580826	0.1648291941580826	0.1648291941580826	0.1648291941580826	0.1648291941580826	0.1648291941580826	0.1648291941580826	0.1648291941580826	0.1648291941580826	0.1648291941580826	0.1648291941580826
0.22399084571946226	0.22399084571946226	0.22399084571946226	0.22399084571946226	0.22399084571946226	0.22399084571946226	0.22399084571946226	0.22399084571946226	0.22399084571946226	0.22399084571946226	0.22399084571946226	0.22399084571946226
0.2850286972122354	0.2850286972122354	0.2850286972122354	0.2850286972122354	0.2850286972122354	0.2850286972122354	0.2850286972122354	0.2850286972122354	0.2850286972122354	0.2850286972122354	0.2850286972122354	0.2850286972122354
0.3452675305039432	0.3452675305039432	0.3452675305039432	0.3452675305039432	0.3452675305039432	0.3452675305039432	0.3452675305039432	0.3452675305039432	0.3452675305039432	0.3452675305039432	0.3452675305039432	0.3452675305039432
0.4030100692007354	0.4030100692007354	0.4030100692007354	0.4030100692007354	0.4030100692007354	0.4030100692007354	0.4030100692007354	0.4030100692007354	0.4030100692007354	0.4030100692007354	0.4030100692007354	0.4030100692007354
0.45749061622514586	0.45749061622514586	0.45749061622514586	0.45749061622514586	0.45749061622514586	0.45749061622514586	0.45749061622514586	0.45749061622514586	0.45749061622514586	0.45749061622514586	0.45749061622514586	0.45749061622514586
0.5090952777032995	0.5090952777032995	0.5090952777032995	0.5090952777032995	0.5090952777032995	0.5090952777032995	0.5090952777032995	0.5090952777032995	0.5090952777032995	0.5090952777032995	0.5090952777032995	0.5090952777032995
0.5578745956933815	0.5578745956933815	0.5578745956933815	0.5578745956933815	0.5578745956933815	0.5578745956933815	0.5578745956933815	0.5578745956933815	0.5578745956933815	0.5578745956933815	0.5578745956933815	0.5578745956933815
0.6032950957493348	0.6032950957493348	0.6032950957493348	0.6032950957493348	0.6032950957493348	0.6032950957493348	0.6032950957493348	0.6032950957493348	0.6032950957493348	0.6032950957493348	0.6032950957493348	0.6032950957493348
0.6457307400037866	0.6457307400037866	0.6457307400037866	0.6457307400037866	0.6457307400037866	0.6457307400037866	0.6457307400037866	0.6457307400037866	0.6457307400037866	0.6457307400037866	0.6457307400037866	0.6457307400037866
0.6856629774010091	0.6856629774010091	0.6856629774010091	0.6856629774010091	0.6856629774010091	0.6856629774010091	0.6856629774010091	0.6856629774010091	0.6856629774010091	0.6856629774010091	0.6856629774010091	0.6856629774010091
0.7226526108865758	0.7226526108865758	0.7226526108865758	0.7226526108865758	0.7226526108865758	0.7226526108865758	0.7226526108865758	0.7226526108865758	0.7226526108865758	0.7226526108865758	0.7226526108865758	0.7226526108865758
0.7564933173121388	0.7564933173121388	0.7564933173121388	0.7564933173121388	0.7564933173121388	0.7564933173121388	0.7564933173121388	0.7564933173121388	0.7564933173121388	0.7564933173121388	0.7564933173121388	0.7564933173121388
0.7873808575219351	0.7873808575219351	0.7873808575219351	0.7873808575219351	0.7873808575219351	0.7873808575219351	0.7873808575219351	0.7873808575219351	0.7873808575219351	0.7873808575219351	0.7873808575219351	0.7873808575219351
0.8155510664688721	0.8155510664688721	0.8155510664688721	0.8155510664688721	0.8155510664688721	0.8155510664688721	0.8155510664688721	0.8155510664688721	0.8155510664688721	0.8155510664688721	0.8155510664688721	0.8155510664688721
0.8411329793911577	0.8411329793911577	0.8411329793911577	0.8411329793911577	0.8411329793911577	0.8411329793911577	0.8411329793911577	0.8411329793911577	0.8411329793911577	0.8411329793911577	0.8411329793911577	0.8411329793911577
0.8640190395162108	0.8640190395162108	0.8640190395162108	0.8640190395162108	0.8640190395162108	0.8640190395162108	0.8640190395162108	0.8640190395162108	0.8640190395162108	0.8640190395162108	0.8640190395162108	0.8640190395162108
0.8844547194595767	0.8844547194595767	0.8844547194595767	0.8844547194595767	0.8844547194595767	0.8844547194595767	0.8844547194595767	0.8844547194595767	0.8844547194595767	0.8844547194595767	0.8844547194595767	0.8844547194595767
0.902867528453118	0.902867528453118	0.902867528453118	0.902867528453118	0.902867528453118	0.902867528453118	0.902867528453118	0.902867528453118	0.902867528453118	0.902867528453118	0.902867528453118	0.902867528453118
0.9189707342206421	0.9189707342206421	0.9189707342206421	0.9189707342206421	0.9189707342206421	0.9189707342206421	0.9189707342206421	0.9189707342206421	0.9189707342206421	0.9189707342206421	0.9189707342206421	0.9189707342206421
0.9325734197905489	0.9325734197905489	0.9325734197905489	0.9325734197905489	0.9325734197905489	0.9325734197905489	0.9325734197905489	0.9325734197905489	0.9325734197905489	0.9325734197905489	0.9325734197905489	0.9325734197905489
0.9440237387331565	0.9440237387331565	0.9440237387331565	0.9440237387331565	0.9440237387331565	0.9440237387331565	0.9440237387331565	0.9440237387331565	0.9440237387331565	0.9440237387331565	0.9440237387331565	0.9440237387331565
0.9539178187463893	0.9539178187463893	0.9539178187463893	0.9539178187463893	0.9539178187463893	0.9539178187463893	0.9539178187463893	0.9539178187463893	0.9539178187463893	0.9539178187463893	0.9539178187463893	0.9539178187463893
0.9628017006522266	0.9628017006522266	0.9628017006522266	0.9628017006522266	0.9628017006522266	0.9628017006522266	0.9628017006522266	0.9628017006522266	0.9628017006522266	0.9628017006522266	0.9628017006522266	0.9628017006522266
0.9705122603063745	0.9705122603063745	0.9705122603063745	0.9705122603063745	0.9705122603063745	0.9705122603063745	0.9705122603063745	0.9705122603063745	0.9705122603063745	0.9705122603063745	0.9705122603063745	0.9705122603063745
0.9769160559828908	0.9769160559828908	0.9769160559828908	0.9769160559828908	0.9769160559828908	0.9769160559828908	0.9769160559828908	0.9769160559828908	0.9769160559828908	0.9769160559828908	0.9769160559828908	0.9769160559828908
0.9821921379796087	0.9821921379796087	0.9821921379796087	0.9821921379796087	0.9821921379796087	0.9821921379796087	0.9821921379796087	0.9821921379796087	0.9821921379796087	0.9821921379796087	0.9821921379796087	0.9821921379796087
0.986440175037683	0.986440175037683	0.986440175037683	0.986440175037683	0.986440175037683	0.986440175037683	0.986440175037683	0.986440175037683	0.986440175037683	0.986440175037683	0.986440175037683	0.986440175037683
0.9897469674191965	0.9897469674191965	0.9897469674191965	0.9897469674191965	0.9897469674191965	0.9897469674191965	0.9897469674191965	0.9897469674191965	0.9897469674191965	0.9897469674191965	0.9897469674191965	0.9897469674191965
0.9923204830078806	0.9923204830078806	0.9923204830078806	0.9923204830078806	0.9923204830078806	0.9923204830078806	0.9923204830078806	0.9923204830078806	0.9923204830078806	0.9923204830078806	0.9923204830078806	0.9923204830078806
0.99427636834432	0.99427636834432	0.99427636834432	0.99427636834432	0.99427636834432	0.99427636834432	0.99427636834432	0.99427636834432	0.99427636834432	0.99427636834432	0.99427636834432	0.99427636834432
0.9956470273825209	0.9956470273825209	0.9956470273825209	0.9956470273825209	0.9956470273825209	0.9956470273825209	0.9956470273825209	0.9956470273825209	0.9956470273825209	0.9956470273825209	0.9956470273825209	0.9956470273825209
0.9966698981104697	0.9966698981104697	0.9966698981104697	0.9966698981104697	0.9966698981104697	0.9966698981104697	0.9966698981104697	0.9966698981104697	0.9966698981104697	0.9966698981104697	0.9966698981104697	0.9966698981104697
0.9975332728512774	0.9975332728512774	0.9975332728512774	0.9975332728512774	0.9975332728512774	0.9975332728512774	0.9975332728512774	0.9975332728512774	0.9975332728512774	0.9975332728512774	0.9975332728512774	0.9975332728512774
0.998167951837912	0.998167951837912	0.998167951837912	0.998167951837912	0.998167951837912	0.998167951837912	0.998167951837912	0.998167951837912	0.998167951837912	0.998167951837912	0.998167951837912	0.998167951837912
0.9986380964066858	0.9986380964066858	0.9986380964066858	0.9986380964066858	0.9986380964066858	0.9986380964066858	0.9986380964066858	0.9986380964066858	0.9986380964066858	0.9986380964066858	0.9986380964066858	0.9986380964066858
0.9991241337905631	0.9991241337905631	0.9991241337905631	0.9991241337905631	0.9991241337905631	0.9991241337905631	0.9991241337905631	0.9991241337905631	0.9991241337905631	0.9991241337905631	0.9991241337905631	0.9991241337905631
0.9994848912190873	0.9994848912190873	0.9994848912190873	0.9994848912190873	0.9994848912190873	0.9994848912190873	0.9994848912190873	0.9994848912190873	0.9994848912190873	0.9994848912190873	0.9994848912190873	0.9994848912190873
0.9996372117697543	0.9996372117697543	0.9996372117697543	0.9996372117697543	0.9996372117697543	0.9996372117697543	0.9996372117697543	0.9996372117697543	0.9996372117697543	0.9996372117697543	0.9996372117697543	0.9996372117697543
0.9997282919024852	0.9997282919024852	0.9997282919024852	0.9997282919024852	0.9997282919024852	0.9997282919024852	0.9997282919024852	0.9997282919024852	0.9997282919024852	0.9997282919024852	0.9997282919024852	0.9997282919024852
0.9997952971328314	0.9997952971328314	0.9997952971328314	0.9997952971328314	0.9997952971328314	0.9997952971328314	0.9997952971328314	0.9997952971328314	0.9997952971328314	0.9997952971328314	0.9997952971328314	0.9997952971328314
0.9998309645306137	0.9998309645306137	0.9998309645306137	0.9998309645306137	0.9998309645306137	0.9998309645306137	0.9998309645306137	0.9998309645306137	0.9998309645306137	0.9998309645306137	0.9998309645306137	0.9998309645306137
0.9998603109945496	0.9998603109945496	0.9998603109945496	0.9998603109945496	0.9998603109945496	0.9998603109945496	0.9998603109945496	0.9998603109945496	0.9998603109945496	0.9998603109945496	0.9998603109945496	0.9998603109945496
0.9998952130615495	0.9998952130615495	0.9998952130615495	0.9998952130615495	0.9998952130615495	0.9998952130615495	0.9998952130615495	0.9998952130615495	0.9998952130615495	0.9998952130615495	0.9998952130615495	0.9998952130615495
0.9999072416481587	0.9999072416481587	0.9999072416481587	0.9999072416481587	0.9999072416481587	0.9999072416481587	0.9999072416481587	0.9999072416481587	0.9999072416481587	0.9999072416481587	0.9999072416481587	0.9999072416481587
0.9999098561683206	0.9999098561683206	0.9999098561683206	0.9999098561683206	0.9999098561683206	0.9999098561683206	0.9999098561683206	0.9999098561683206	0.9999098561683206	0.9999098561683206	0.9999098561683206	0.9999098561683206
0.9999131640489398	0.9999131640489398	0.9999131640489398	0.9999131640489398	0.9999131640489398	0.9999131640489398	0.9999131640489398	0.9999131640489398	0.9999131640489398	0.9999131640489398	0.9999131640489398	0.9999131640489398
0.9999286276978889	0.9999286276978889	0.9999286276978889	0.9999286276978889	0.9999286276978889	0.9999286276978889	0.9999286276978889	0.9999286276978889	0.9999286276978889	0.9999286276978889	0.9999286276978889	0.9999286276978889
0.9999486755605733	0.9999486755605733	0.9999486755605733	0.9999486755605733	0.9999486755605733	0.9999486755605733	0.9999486755605733	0.9999486755605733	0.9999486755605733	0.9999486755605733	0.9999486755605733	0.9999486755605733
0.9999487961178624	0.9999487961178624	0.9999487961178624	0.9999487961178624	0.9999487961178624	0.9999487961178624	0.9999487961178624	0.9999487961178624	0.9999487961178624	0.9999487961178624	0.9999487961178624	0.9999487961178624
0.999948795523258	0.999948795523258	0.999948795523258	0.999948795523258	0.999948795523258	0.999948795523258	0.999948795523258	0.999948795523258	0.999948795523258	0.999948795523258	0.999948795523258	0.999948795523258
0.9999488128955499	0.9999488128955499	0.9999488128955499	0.9999488128955499	0.9999488128955499	0.9999488128955499	0.9999488128955499	0.9999488128955499	0.9999488128955499	0.9999488128955499	0.9999488128955499	0.9999488128955499
0.9999487972331415	0.9999487972331415	0.9999487972331415	0.9999487972331415	0.9999487972331415	0.9999487972331415	0.9999487972331415	0.9999487972331415	0.9999487972331415	0.9999487972331415	0.9999487972331415	0.9999487972331415
0.9999488011078732	0.9999488011078732	0.9999488011078732	0.9999488011078732	0.9999488011078732	0.9999488011078732	0.9999488011078732	0.9999488011078732	0.9999488011078732	0.9999488011078732	0.9999488011078732	0.9999488011078732
0.9999487968990395	0.9999487968990395	0.9999487968990395	0.9999487968990395	0.9999487968990395	0.9999487968990395	0.9999487968990395	0.9999487968990395	0.9999487968990395	0.9999487968990395	0.9999487968990395	0.9999487968990395
0.9999487958233737	0.9999487958233737	0.9999487958233737	0.9999487958233737	0.9999487958233737	0.9999487958233737	0.9999487958233737	0.9999487958233737	0.9999487958233737	0.9999487958233737	0.9999487958233737	0.9999487958233737
0.9999487949620279	0.9999487949620279	0.9999487949620279	0.9999487949620279	0.9999487949620279	0.9999487949620279	0.9999487949620279	0.9999487949620279	0.9999487949620279	0.9999487949620279	0.9999487949620279	0.9999487949620279
0.9999487969494173	0.9999487969494173	0.9999487969494173	0.9999487969494173	0.9999487969494173	0.9999487969494173	0.9999487969494173	0.9999487969494173	0.9999487969494173	0.9999487969494173	0.9999487969494173	0.9999487969494173
0.9999487961708274	0.9999487961708274	0.9999487961708274	0.9999487961708274	0.9999487961708274	0.9999487961708274	0.9999487961708274	0.9999487961708274	0.9999487961708274	0.9999487961708274	0.9999487961708274	0.9999487961708274
0.9999487941980693	0.9999487941980693	0.9999487941980693	0.9999487941980693	0.9999487941980693	0.9999487941980693	0.9999487941980693	0.9999487941980693	0.9999487941980693	0.9999487941980693	0.9999487941980693	0.9999487941980693
0.9999488024990841	0.9999488024990841	0.9999488024990841	0.9999488024990841	0.9999488024990841	0.9999488024990841	0.9999488024990841	0.9999488024990841	0.9999488024990841	0.9999488024990841	0.9999488024990841	0.9999488024990841
0.9999487973527272	0.9999487973527272	0.9999487973527272	0.9999487973527272	0.9999487973527272	0.9999487973527272	0.9999487973527272	0.9999487973527272	0.9999487973527272	0.9999487973527272	0.9999487973527272	0.9999487973527272
0.9999487965933447	0.9999487965933447	0.9999487965933447	0.9999487965933447	0.9999487965933447	0.9999487965933447	0.9999487965933447	0.9999487965933447	0.9999487965933447	0.9999487965933447	0.9999487965933447	0.9999487965933447
0.9999487954059771	0.9999487954059771	0.9999487954059771	0.9999487954059771	0.9999487954059771	0.9999487954059771	0.9999487954059771	0.9999487954059771	0.9999487954059771	0.9999487954059771	0.9999487954059771	0.9999487954059771
0.999948798245365	0.999948798245365	0.999948798245365	0.999948798245365	0.999948798245365	0.999948798245365	0.999948798245365	0.999948798245365	0.999948798245365	0.999948798245365	0.999948798245365	0.999948798245365
0.9999487952386452	0.9999487952386452	0.9999487952386452	0.9999487952386452	0.9999487952386452	0.9999487952386452	0.9999487952386452	0.9999487952386452	0.9999487952386452	0.9999487952386452	0.9999487952386452	0.9999487952386452
0.9999487961877365	0.9999487961877365	0.9999487961877365	0.9999487961877365	0.9999487961877365	0.9999487961877365	0.9999487961877365	0.9999487961877365	0.9999487961877365	0.9999487961877365	0.9999487961877365	0.9999487961877365
0.9999487971189266	0.9999487971189266	0.9999487971189266	0.9999487971189266	0.9999487971189266	0.9999487971189266	0.9999487971189266	0.9999487971189266	0.9999487971189266	0.9999487971189266	0.9999487971189266	0.9999487971189266
0.9999488315400906	0.9999488315400906	0.9999488315400906	0.9999488315400906	0.9999488315400906	0.9999488315400906	0.9999488315400906	0.9999488315400906	0.9999488315400906	0.9999488315400906	0.9999488315400906	0.9999488315400906
0.9999487952674777	0.9999487952674777	0.9999487952674777	0.9999487952674777	0.9999487952674777	0.9999487952674777	0.9999487952674777	0.9999487952674777	0.9999487952674777	0.9999487952674777	0.9999487952674777	0.9999487952674777
0.9999487948997562	0.9999487948997562	0.9999487948997562	0.9999487948997562	0.9999487948997562	0.9999487948997562	0.9999487948997562	0.9999487948997562	0.9999487948997562	0.9999487948997562	0.9999487948997562	0.9999487948997562
0.9999487910813717	0.9999487910813717	0.9999487910813717	0.9999487910813717	0.9999487910813717	0.9999487910813717	0.9999487910813717	0.9999487910813717	0.9999487910813717	0.9999487910813717	0.9999487910813717	0.9999487910813717
0.9999487979506897	0.9999487979506897	0.9999487979506897	0.9999487979506897	0.9999487979506897	0.9999487979506897	0.9999487979506897	0.9999487979506897	0.9999487979506897	0.9999487979506897	0.9999487979506897	0.9999487979506897
0.9999487850250902	0.9999487850250902	0.9999487850250902	0.9999487850250902	0.9999487850250902	0.9999487850250902	0.9999487850250902	0.9999487850250902	0.9999487850250902	0.9999487850250902	0.9999487850250902	0.9999487850250902
0.9999487981252294	0.9999487981252294	0.9999487981252294	0.9999487981252294	0.9999487981252294	0.9999487981252294	0.9999487981252294	0.9999487981252294	0.9999487981252294	0.9999487981252294	0.9999487981252294	0.9999487981252294
0.9999487965873118	0.9999487965873118	0.9999487965873118	0.9999487965873118	0.9999487965873118	0.9999487965873118	0.9999487965873118	0.9999487965873118	0.9999487965873118	0.9999487965873118	0.9999487965873118	0.9999487965873118
0.9999487959603361	0.9999487959603361	0.9999487959603361	0.9999487959603361	0.9999487959603361	0.9999487959603361	0.9999487959603361	0.9999487959603361	0.9999487959603361	0.9999487959603361	0.9999487959603361	0.9999487959603361
0.9999487987017993	0.9999487987017993	0.9999487987017993	0.9999487987017993	0.9999487987017993	0.9999487987017993	0.9999487987017993	0.9999487987017993	0.9999487987017993	0.9999487987017993	0.9999487987017993	0.9999487987017993
0.9999487973136382	0.9999487973136382	0.9999487973136382	0.9999487973136382	0.9999487973136382	0.9999487973136382	0.9999487973136382	0.9999487973136382	0.9999487973136382	0.9999487973136382	0.9999487973136382	0.9999487973136382
0.9999487961408957	0.9999487961408957	0.9999487961408957	0.9999487961408957	0.9999487961408957	0.9999487961408957	0.9999487961408957	0.9999487961408957	0.9999487961408957	0.9999487961408957	0.9999487961408957	0.9999487961408957
0.9999487936488319	0.9999487936488319	0.9999487936488319	0.9999487936488319	0.9999487936488319	0.9999487936488319	0.9999487936488319	0.9999487936488319	0.9999487936488319	0.9999487936488319	0.9999487936488319	0.9999487936488319
0.9999487952956839	0.9999487952956839	0.9999487952956839	0.9999487952956839	0.9999487952956839	0.9999487952956839	0.9999487952956839	0.9999487952956839	0.9999487952956839	0.9999487952956839	0.9999487952956839	0.9999487952956839
0.9999487960895197	0.9999487960895197	0.9999487960895197	0.9999487960895197	0.9999487960895197	0.9999487960895197	0.9999487960895197	0.9999487960895197	0.9999487960895197	0.9999487960895197	0.9999487960895197	0.9999487960895197
0.999948796649273	0.999948796649273	0.999948796649273	0.999948796649273	0.999948796649273	0.999948796649273	0.999948796649273	0.999948796649273	0.999948796649273	0.999948796649273	0.999948796649273	0.999948796649273
0.9999487959538951	0.9999487959538951	0.9999487959538951	0.9999487959538951	0.9999487959538951	0.9999487959538951	0.9999487959538951	0.9999487959538951	0.9999487959538951	0.9999487959538951	0.9999487959538951	0.9999487959538951
