2801.873	53.503677579345094
2889.398	53.42896452534197
3082.552	55.29459999664333
2857.729	53.69305824316122
2758.835	52.816866590099764
3010.454	55.79027189787158
3094.807	56.64141595158971
2963.13	52.99741338806852
3099.647	54.53123918495752
3094.807	56.64141595158971
3094.807	56.64141595158971
3158.14	55.77572349446784
3058.373	55.02619151597494
2804.122	53.76267796103112
2274.843	47.791174366689795
2898.887	54.7127564350099
2719.212	52.98231952436758
3017.777	56.00031523399049
2857.343	52.48117400196594
2239.3	47.457034991349495
2809.879	50.17794520688531
2706.714	51.55115639562054
2920.265	53.240034525498544
2995.407	54.69305880714373
2886.396	53.86682484441439
2655.153	52.28986346148574
2809.879	50.17794520688531
