2	0	0	0	0	0	0	0	0	0	0	0
2.0606060606060606	37451751184689604e-21	7388940709425236e-21	1007135694281647e-20	6168359497630335e-21	4690280122376517e-21	8157691823510209e-22	14783589960704274e-22	8048858867651007e-22	2033565498832491e-21	15321885210701111e-22	29420763282237674e-28
2.121212121212121	0.00011837879766513046	12320899515114976e-21	2768267572546728e-20	1506373249128669e-20	12412241892438218e-21	2682646036832082e-21	8499047728304484e-21	3517920691093071e-21	27517820910978992e-22	9467760547423645e-21	119646755884336e-25
2.1818181818181817	0.000242133984139367	25888804359537645e-21	48763874371101964e-21	22810370327736996e-21	20286226773281612e-21	5825172263659129e-21	17503368356926787e-21	12863685008282762e-21	3992103205072031e-21	19093525748095102e-21	1074268182266128e-22
2.242424242424242	0.0004088498556033396	6277453560318915e-20	7201287385381577e-20	29907719310514866e-21	29467288529951332e-21	1037803528152041e-20	26071639731428864e-21	27763042146076635e-21	8505589203246391e-21	27502565393352947e-21	7866941802522972e-21
2.303030303030303	0.000653231806899315	0.00010640871758306156	0.00010432528899629186	4209438632655761e-20	4968273319110283e-20	17456539380169313e-21	4188089947602015e-20	3622011678632603e-20	23453198783669613e-21	4327381483411533e-20	11350199805868341e-21
2.3636363636363638	0.0010330330797435569	0.00016589977522407973	0.00016177275265716033	7210857270202351e-20	9032230419289773e-20	34375487157198515e-21	651928463832236e-19	49615328603755085e-21	5270178400812885e-20	6503611674428239e-20	13143856688410826e-21
2.4242424242424243	0.0016746034337262394	0.0002865022925068287	0.0002761699453056154	0.00015365794728638087	0.00015898145997200402	8228301094260526e-20	9566273068983658e-20	0.00010156105764037168	9580182489493904e-20	9068377526887928e-20	21691710979854796e-21
2.484848484848485	0.0029263845492493905	0.0005758921902565658	0.00048208159924456226	0.0003402686559040459	0.0002829723113320196	0.00017484292904527854	0.00016980606986365186	0.00021015248200330044	0.00018945534922843718	0.00015867404246246736	5029478308802257e-20
2.5454545454545454	0.005527933507860034	0.001295523062341911	0.0009118338027093581	0.0007412826101180108	0.0005542701193486225	0.00036238530004293625	0.00038991172515049656	0.000425371746473905	0.00043832462213176166	0.0003738068578436303	0.00010450577089829595
2.606060606060606	0.010870533189211894	0.0030277986497694274	0.0020842593831206274	0.0016365531513625547	0.0012709721542458175	0.0008806027051961989	0.0009764573168460114	0.001024502635802825	0.0011005681019849267	0.0009090139849644	0.00017236274267178574
2.6666666666666665	0.021052055006598985	0.0071170606182986255	0.005176952493094231	0.0037959794134728463	0.002983142161466587	0.0022555969037344956	0.002436843477856041	0.0025558508157458343	0.0026902379247146246	0.0020936545351735547	0.0003119973767140931
2.727272727272727	0.03899266472878944	0.016216065713287646	0.012279623656985848	0.008916655263767502	0.0066927594536174955	0.0055267535853984594	0.00582378426497223	0.005980548406413082	0.006092081375650108	0.004570777387319361	0.0007289613139414939
2.787878787878788	0.06862474084012278	0.03405814838863315	0.025854523751776576	0.019205291965670706	0.014714013274978791	0.01262611023469879	0.012952093906903054	0.01315886767073232	0.012685103005934308	0.009626558183967807	0.0017597166417599008
2.8484848484848486	0.11162018553299737	0.06354342531141008	0.04809122504601992	0.036816439177144084	0.02986755458381896	0.025940022699504104	0.025787593596851496	0.025796231418111014	0.023919580269323195	0.018823996148448985	0.003803466647474559
2.909090909090909	0.1648291941580826	0.10412248269883503	0.07994790268788661	0.0628944505284486	0.05323136218976567	0.04694710486480426	0.04513115390857407	0.04381911047115099	0.04051526867304388	0.03302721216834034	0.007148705706083815
2.9696969696969697	0.22399084571946226	0.1529299345044474	0.1198002191797721	0.09689822965326587	0.08444539494727821	0.07555245884896757	0.07072055857278761	0.06754746758948332	0.062195247728221895	0.05221154280235522	0.012086674811204772
3.0303030303030303	0.2850286972122354	0.20611064746155802	0.16446902624308904	0.13669241707679392	0.12186490299930483	0.1102142317550371	0.10159226449780868	0.09684109374275582	0.08820110033154065	0.07571001417478447	0.018802491414447085
3.090909090909091	0.3452675305039432	0.26068179295778043	0.21132056778798775	0.1796237594831753	0.16345600735467228	0.14909276067201652	0.13695195218504896	0.1300246152941642	0.1182484511690806	0.10298938700767264	0.027275395930164044
3.1515151515151514	0.4030100692007354	0.3148625602973054	0.2591373119717372	0.22454113459320968	0.20768450200079497	0.19086844825838034	0.17571019090101095	0.16606620668938724	0.15124506396843404	0.13347043291736954	0.03789944480966119
3.212121212121212	0.45749061622514586	0.3677119514103779	0.3076455429615687	0.27129111030694536	0.25351147039882826	0.23466099850318847	0.2165503295647609	0.20441605293248816	0.18584087994376475	0.16643957492587813	0.05146896424052473
3.272727272727273	0.5090952777032995	0.4184317585242294	0.35638028399825483	0.3188315292652137	0.2998602506757573	0.27929523110412824	0.2581953041007311	0.2434378729777616	0.2224397768379588	0.20079296393828192	0.06813120274162948
3.3333333333333335	0.5578745956933815	0.46681985459563596	0.40459157856934835	0.3659909368719075	0.3460369693558708	0.3239464447759451	0.30005611159702356	0.2824554026231218	0.2610200466658966	0.23592752445813822	0.0874032019833769
3.393939393939394	0.6032950957493348	0.5133139741091494	0.45131809806246215	0.4118470933864106	0.39184507430122284	0.3683727361169526	0.34241609249033583	0.32241692840553454	0.30022117359618317	0.27208284093883317	0.10829784694398356
3.4545454545454546	0.6457307400037866	0.5578815294265733	0.49639723467356595	0.456046429331613	0.43648488282329034	0.41191196998680557	0.3845951824659908	0.362749447470375	0.33904181807306155	0.3086465191219933	0.13062262120124088
3.515151515151515	0.6856629774010091	0.6002348197233273	0.5399318296562059	0.4986419043803782	0.47921023341752744	0.45393235538220283	0.4255650052049652	0.4023628143963543	0.3770353272665783	0.34477416285214296	0.15487594688897152
3.5757575757575757	0.7226526108865758	0.640093094044742	0.5815590865327642	0.5400034992075757	0.5203874243672283	0.4945995878762147	0.4649951278642737	0.44148166270099776	0.41453869518534775	0.3805615775378871	0.18195255314142275
3.6363636363636362	0.7564933173121388	0.6773741594545807	0.621077494653581	0.5798322465629372	0.5602421348663251	0.5338416974057538	0.5030217309938116	0.47977443742418824	0.4513329641747968	0.41591369478724044	0.21188936560112784
3.696969696969697	0.7873808575219351	0.7121660856832728	0.6584940516328032	0.6171659808496531	0.5985514903079716	0.571188215879676	0.540032696108921	0.5161412340068974	0.4866045670303572	0.4503622717097225	0.24334160117945144
3.757575757575758	0.8155510664688721	0.7443335668911838	0.6933722024181534	0.652015505330847	0.6346167533135586	0.6064070405158289	0.575565289777645	0.5507104856382083	0.521205764827944	0.48398749160871996	0.2758798319348592
3.8181818181818183	0.8411329793911577	0.7738457966806073	0.7255355973492332	0.6846777377429174	0.6680892311836466	0.639592244112449	0.6091336862495231	0.5840113106566416	0.5556546959214427	0.5168574811903585	0.3093538799037919
3.878787878787879	0.8640190395162108	0.8010977446255714	0.755783898859514	0.7151234760656011	0.6998302550000204	0.6713166598532101	0.6411227645605906	0.6161769090435104	0.5876692571838491	0.5483442883520261	0.3428370847334551
3.9393939393939394	0.8844547194595767	0.8261494009983634	0.7838305038414827	0.7436754637364683	0.7299222146495227	0.701560781165001	0.6718135408657061	0.6467112297604447	0.6171154936216772	0.5781785319739837	0.3756932583059247
4	0.902867528453118	0.8487514006080727	0.8086509712558289	0.7708179164099916	0.7576617819271025	0.7297166292292034	0.7011759417922656	0.674831997816574	0.6458580891593025	0.6065905920561848	0.4079166916468423
4.0606060606060606	0.9189707342206421	0.8688255663489173	0.8311216528221529	0.7957830847658186	0.7829325586393732	0.7553857338023419	0.7286449845121421	0.7011516487191377	0.6736021341701127	0.6341262957135975	0.4406010329728873
4.121212121212121	0.9325734197905489	0.886570799340639	0.8519917416825016	0.8182076037324902	0.8059468778842032	0.7787342297072899	0.7537193058506476	0.7262436814859836	0.6995499336817863	0.6607598222371138	0.47449135967136186
4.181818181818182	0.9440237387331565	0.9025354552519854	0.8705996732736482	0.8392948363313304	0.8271022330075599	0.8007808806151585	0.7764106709254456	0.7496098473422362	0.7236972645561903	0.6850891253676482	0.508323873085666
4.242424242424242	0.9539178187463893	0.9169112841507642	0.886994469830869	0.8590994927597289	0.8467500028695423	0.8215768881254223	0.7973721917616499	0.7714350777668963	0.7463548590544379	0.7075232114004909	0.541058256192071
4.303030303030303	0.9628017006522266	0.9296308006687933	0.9018060627611205	0.8768206476711046	0.8650733069591385	0.8404865237055943	0.8174134917570796	0.7923523733291665	0.7679054594940399	0.7295177548286844	0.5722995995460382
4.363636363636363	0.9705122603063745	0.940737985558281	0.9154633543415064	0.892605396221734	0.8816618435430443	0.8576977685372524	0.8359032382345124	0.8119014183151584	0.7882642075340281	0.749892245698304	0.6022592030746285
4.424242424242424	0.9769160559828908	0.9503223518311793	0.9279220245650304	0.9068170609801582	0.8962618407793478	0.8735699093992115	0.8525185836005413	0.8297511719450551	0.8072522997832677	0.7682275348655031	0.6309315241513477
4.484848484848484	0.9821921379796087	0.9584955287392931	0.9385326468543777	0.9196853170483823	0.9091449727783135	0.8882992117982675	0.8681691130759414	0.8463750779358803	0.8247981962043609	0.7867725275776707	0.6576216500125728
4.545454545454546	0.986440175037683	0.9655832195264472	0.9473740932679109	0.9311979577350954	0.9207691271365191	0.9016906816920572	0.8831020663609874	0.8618393216697707	0.8409118494647412	0.8052773013554599	0.6827142194316856
4.606060606060606	0.9897469674191965	0.9719294084904216	0.9549547816579365	0.9412877645646409	0.9314705715457081	0.9135222030639868	0.8969630221558087	0.8759476312314418	0.8556702069811448	0.8217859293550002	0.7069847121407239
4.666666666666667	0.9923204830078806	0.9775211607688215	0.9617618550078729	0.9502113625392444	0.9407667687249753	0.924415777292718	0.9092155929897011	0.8888199551702953	0.8692340786331321	0.8365413721982995	0.7292952719792112
4.7272727272727275	0.99427636834432	0.9822134629421239	0.9679451322977475	0.9579240350404756	0.948589475298131	0.9344890662762884	0.9197665961726067	0.900546140075211	0.8817730957992799	0.8500650678913168	0.7495768627277075
4.787878787878788	0.9956470273825209	0.9858661451990883	0.9732366839482453	0.9640190920296953	0.9555903924490103	0.9429514646993117	0.929097108867886	0.9110790728136056	0.8934400481170388	0.8624426070346363	0.769954816367932
4.848484848484849	0.9966698981104697	0.988735605992347	0.977638146519018	0.9691925961528116	0.9618924049405314	0.9502533752534382	0.9373373459385763	0.9207437510044894	0.9043486101437078	0.8739293265559508	0.7896567636526552
4.909090909090909	0.9975332728512774	0.99110177079805	0.9813099206499736	0.9742529567622713	0.9673775124427987	0.9571156875600092	0.9445614313482734	0.9299116428107791	0.9144192089075647	0.8848065811329323	0.8068006620834085
4.96969696969697	0.998167951837912	0.992908387271806	0.984408953732908	0.9786706194803366	0.9721871834135651	0.962947093519369	0.9514004620781865	0.9383241521898552	0.9229783073248735	0.8950074330023509	0.8228932827641223
5.03030303030303	0.9986380964066858	0.9942802541663842	0.9870671829073917	0.9822107350757467	0.9764231901563829	0.9677378471311394	0.9580477663922397	0.9457494877985487	0.9302143486009575	0.9050426019676839	0.8387617964267283
5.090909090909091	0.9991241337905631	0.9955066400698644	0.9893885402735279	0.9852623890309651	0.9800944282763944	0.9723221427396477	0.9639855228405608	0.9521896922159013	0.9372649540942055	0.9162407928771217	0.8533754003892025
5.151515151515151	0.9994848912190873	0.9965782801479992	0.9914081571197778	0.987930340394526	0.9833617591122699	0.9766928130655522	0.9692072501359118	0.9577287170882358	0.9439845922576993	0.9267804225108716	0.8667508802741852
5.212121212121212	0.9996372117697543	0.9974079877870624	0.9931372564400134	0.9901595206416509	0.9863911029869303	0.9804642813062042	0.973863387370511	0.9625452359317395	0.9498258650702834	0.9344097496466421	0.8793666718257526
5.2727272727272725	0.9997282919024852	0.9980507690757896	0.9946028574319403	0.9918684791208625	0.9891531581969618	0.9835597383855917	0.9777391889421174	0.9670221710509684	0.9552548227493017	0.9405845310565499	0.8911305679385408
5.333333333333333	0.9997952971328314	0.9985496148797883	0.9957576555311971	0.9932463602941037	0.991438461270907	0.9860459331684397	0.9809829463956546	0.9713184913322516	0.960381604358444	0.9462918466173919	0.9020295257481109
5.393939393939394	0.9998309645306137	0.9989162298711803	0.9965469648639771	0.9946234316300138	0.993036034037839	0.9880576770143497	0.9840517669931674	0.9752821189167256	0.9647787709019849	0.9516815304604591	0.9122097536358208
5.454545454545454	0.9998603109945496	0.9991404952698171	0.9971515912365682	0.9956536952987614	0.9942458474902526	0.98979396255368	0.9867392185806608	0.9786506530697969	0.9686530729983955	0.9566903343057661	0.921220594873726
5.515151515151516	0.9998952130615495	0.9992767608217475	0.9977324903605365	0.9962152261607394	0.9953340130139637	0.991423436574202	0.9888151593675528	0.9813358224195018	0.9722982155826688	0.9612689368506495	0.9288357915508778
5.575757575757576	0.9999072416481587	0.9994854502188596	0.9983258025655285	0.9968134079662647	0.996277568182093	0.9930127222799299	0.9905937904659206	0.9836309141093343	0.9755496615518349	0.9655983173055115	0.9359225052516976
5.636363636363637	0.9999098561683206	0.9997091773316251	0.9988144561995528	0.997586972193175	0.9970939122283277	0.9944238869108136	0.9921358367793758	0.9857765231748624	0.9785375725419607	0.9696107101328595	0.9428462077542276
5.696969696969697	0.9999131640489398	0.9997576578515079	0.9990733645540726	0.9981905947142157	0.9978354199038982	0.995444679185405	0.9933041236591545	0.9879081685130052	0.9816484361053188	0.9730427418294225	0.9492404796492461
5.757575757575758	0.9999286276978889	0.9997829615893091	0.9992433089624243	0.998652602440255	0.9983231343645613	0.9962951199350888	0.9942910779703575	0.9898581614907477	0.9843307912577297	0.976207512658823	0.954360344030611
5.818181818181818	0.9999486755605733	0.9998434522726268	0.999421341793966	0.9990481953560018	0.9985589337669948	0.9971544998554723	0.9952472557664777	0.9914329027219176	0.9862405445711256	0.9793796276075267	0.9581291700953384
5.878787878787879	0.9999487961178624	0.9998817380082499	0.9996185653233652	0.999299018506004	0.9987267652860148	0.9978837817551844	0.9960504981254324	0.9926502499592583	0.9879987496723496	0.9822281419083853	0.9615569908042703
5.9393939393939394	0.999948795523258	0.9998924624199592	0.9997555732190283	0.999469175446143	0.9989229957267487	0.9984140284692514	0.9967365132886827	0.9937234870012983	0.989810152647543	0.9847077541937272	0.965150161511301
6	0.9999488128955499	0.9998977437351315	0.9998000924877638	0.9996542233408127	0.9992290405364185	0.9987724504541913	0.9974363753620702	0.9949363165401798	0.9914833988001285	0.9870379810004793	0.9688424988206663
6.0606060606060606	0.9999487972331415	0.9999042415273368	0.9998491671485806	0.9997786889905829	0.9994740743599199	0.9989785812314269	0.9979572842341466	0.9960824825638843	0.9930533657767754	0.9891391146189316	0.9718884447011886
6.121212121212121	0.9999488011078732	0.9999166507325036	0.9999299316123145	0.999822365740447	0.9995831318039229	0.9990953500138561	0.9982685863944609	0.9969328454446781	0.9944978175969935	0.9909628789098177	0.9739843784017274
6.181818181818182	0.9999487968990395	0.9999271480757438	0.9999391382401493	0.9998381088239109	0.9996813591831099	0.999206872025825	0.9986133672552525	0.997586879781181	0.9955464492262465	0.9926856420415965	0.9756654286478844
6.242424242424242	0.9999487958233737	0.9999290778277129	0.9999393635048808	0.9998440514528637	0.999752753857729	0.999345534776794	0.9989918785668765	0.9980668629458429	0.9962197146465408	0.9939795542397327	0.9780812896009122
6.303030303030303	0.9999487949620279	0.9999291127811994	0.9999394387176244	0.9998465189019045	0.9997717182470492	0.9995110903993927	0.9992292678385801	0.998369028765689	0.9966892784419406	0.9946212474200578	0.9840565315499894
6.363636363636363	0.9999487969494173	0.9999291211929873	0.9999397966259844	0.9998517988597252	0.9997857213802687	0.9997045657731515	0.9993845929093503	0.9985555648005301	0.9971865284187852	0.9951686860760813	0.9887655377532821
6.424242424242424	0.9999487961708274	0.9999291279784759	0.9999440556937714	0.999865575597718	0.9998239659864327	0.9998522023587495	0.9994995155957979	0.9987033297684441	0.9977736670683988	0.9958912907782167	0.9902538821453056
6.484848484848484	0.9999487941980693	0.9999291238416887	0.9999660717390745	0.9998691396888592	0.9999110134565677	0.9998863853015091	0.9995673505217799	0.9989310078893909	0.9981313332061882	0.9964564977504532	0.9917893464640908
6.545454545454546	0.9999488024990841	0.999929126140687	0.9999699738379447	0.9998704967490151	0.9999511000778624	0.9999012331503025	0.9996858677923962	0.9991665159140067	0.9983624758962996	0.9968274504781484	0.9936594836983176
6.606060606060606	0.9999487973527272	0.9999291298058574	0.9999699762472765	0.9998756617215796	0.9999525255782109	0.9999416610391485	0.9999609288323281	0.9992867967977566	0.9986667700962002	0.9971383178629132	0.9948412858944325
6.666666666666667	0.9999487965933447	0.9999291252592412	0.9999699746542743	0.9998758435797594	0.9999525358261526	0.999949967391689	0.999964022710962	1.0000022144624083	0.9990204874251957	0.9974524020314893	0.9957194810250352
6.7272727272727275	0.9999487954059771	0.9999291282734297	0.9999699774736337	0.9998758436774503	0.9999525187342043	0.9999501256362255	0.9999640196383004	1.0006539522424431	0.9993260086594696	0.9978088802203227	0.9965001536196139
6.787878787878788	0.999948798245365	0.9999291275373886	0.9999699763195053	0.9998763155525181	0.9999525344074357	0.9999512291533437	0.9999664741913636	1.0006541664915984	0.9995539947007122	0.9982452286924793	0.9970244956566149
6.848484848484849	0.9999487952386452	0.9999291257305623	0.9999699750776062	0.9999151046964072	0.9999525300705019	0.9999518139894927	1.0002752104870267	1.000654178403116	0.9998017108748783	0.9992820642902189	0.997957656496222
6.909090909090909	0.9999487961877365	0.999929130031758	0.9999699758756256	0.9999235808792002	0.999952533770225	0.9999518151968335	1.0003310332185074	1.000669725559934	1.000007137697734	1.0008542648105505	0.9997711140858979
6.96969696969697	0.9999487971189266	0.9999291278095752	0.9999699738719238	0.9999236292306158	0.9999525325649956	0.9999518151411896	1.0003311798048844	1.0006821196619355	1.0000103610667916	1.000877298531383	0.9998017683082457
7.03030303030303	0.9999488315400906	0.9999291258024843	0.9999699770797392	0.9999236232253906	0.9999525344289971	0.9999518139809266	1.0003311798778711	1.0006821238592114	1.000010363532155	1.0008773017474706	0.9998017689716197
7.090909090909091	0.9999487952674777	0.9999291295879623	0.999969974534541	0.9999236266341567	0.9999525323526055	0.9999518136582658	1.000331178315983	1.000682119693525	1.0000103613444322	1.0008772983839107	0.9998017696792101
7.151515151515151	0.9999487948997562	0.9999291227150955	0.9999699773704582	0.9999236258642317	0.9999525314309159	0.9999518133773067	1.0003311792532557	1.0006821257123424	1.0000103704292829	1.0008773009072858	0.9998017702030092
7.212121212121212	0.9999487910813717	0.9999291267338827	0.9999699759303974	0.999923618533986	0.999952533292879	0.9999518162202894	1.000331177586666	1.0006821291561692	1.0000103566293417	1.0008773030125566	0.9998017737697614
7.2727272727272725	0.9999487979506897	0.9999291273987213	0.9999699761351206	0.9999236236974025	0.9999525297257318	0.9999518146319542	1.00033117654385	1.000682119966272	1.000010361816845	1.0008773000183828	0.9998017642981943
7.333333333333333	0.9999487850250902	0.9999291357274447	0.999969987718394	0.9999236197472414	0.9999525155134698	0.9999518450640101	1.0003311516328157	1.0006821128978298	1.0000103549256145	1.0008772605393241	0.9998017668278144
7.393939393939394	0.9999487981252294	0.9999291259437453	0.9999699781905862	0.9999236250025362	0.9999525325725879	0.9999519113683503	1.000331179377586	1.0006821236192478	1.000010364572401	1.0008773020276815	0.9998017692628525
7.454545454545454	0.9999487965873118	0.9999291278697793	0.9999699758246159	0.9999236258736475	0.9999525321756646	0.9999522917350947	1.0003311775562513	1.0006821210907655	1.000010361427647	1.000877303685944	0.9998017706167814
7.515151515151516	0.9999487959603361	0.9999291270263251	0.9999699772426374	0.9999236257582917	0.9999525323668831	0.9999540882981753	1.0003311786807458	1.000682123638255	1.0000103613008238	1.0008773022810369	0.9998017628595316
7.575757575757576	0.9999487987017993	0.9999291257317157	0.9999699770892161	0.999923624527513	0.9999525320624968	0.9999626701156348	1.0003311779293012	1.0006821257615106	1.0000103639072353	1.0008773022276094	0.9998017681596636
7.636363636363637	0.9999487973136382	0.9999291277476571	0.9999699745940044	0.9999236263723491	0.9999525335486042	1.0000036021164196	1.0003311783931994	1.0006821256629734	1.0000103655567258	1.0008773025973585	0.9998017722532632
7.696969696969697	0.9999487961408957	0.9999291441376613	0.999969971276739	0.9999236320202244	0.9999525340868168	1.000198895530753	1.0003311752896904	1.0006821241981763	1.0000103671202218	1.0008772981863852	0.9998017691621912
7.757575757575758	0.9999487936488319	0.9999291244387462	0.9999699726078113	0.9999236241046316	0.9999525317949219	1.0011306830602398	1.0003311776220882	1.0006821240192545	1.0000103602254602	1.000877302881338	0.9998017692640071
7.818181818181818	0.9999487952956839	0.9999291271949776	0.9999699767546196	0.9999236261121084	0.9999525333882727	1.0055763968162945	1.000331179285684	1.0006821241167354	1.0000103627307835	1.0008773049265844	0.9998017690123684
7.878787878787879	0.9999487960895197	0.9999291257603296	0.999969974376312	0.9999236261320466	0.9999525362397708	1.0267875696092492	1.0003311785500166	1.0006821214812083	1.0000103637484077	1.0008773028605185	0.9998017695021469
7.9393939393939394	0.999948796649273	0.9999291282202407	0.9999699802098317	0.9999236247083417	0.9999525343700871	1.127989711604826	1.0003311780944932	1.0006821215693344	1.0000103632248376	1.000877302613071	0.9998017704333195
8	0.9999487959538951	0.9999291320416587	0.9999699759292019	0.9999236193130904	0.9999525337446192	1.610839076379416	1.000331184464805	1.0006821134586934	1.0000103556887248	1.0008772575536957	0.9998017695845164
