55773.5	6.143365526361277	0.34310991432643523	0.03
55771.5	6.054292647985746	0.35073845759869376	-1
55765.5	3.4982965011276983	0.6024731133780092	0.021
55767.5	3.6106578894890076	0.7179484600130841	0.062
55775.5	4.565793685966034	1.027533508290795	0.04
55810.5	5.790851196248679	0.23188880774309661	0.026522
55829.5	0.20652553760901068	0.6876233642596826	0.0158
55820.5	5.859478269657617	0.7051493788317924	0.017
55790.5	4.339009966285022	0.5082107893598822	0.0098
55829.5	4.680607989146917	0.524369629351263	0.0173
55829.5	1.973308522212959	0.6730135039794468	0.0189
55867.5	3.213258054338245	0.6641777746412255	0.0066
55884.5	5.874090311599419	0.650069696520938	0.023
55919.5	5.771544218619013	0.7234753359777328	0.015894
55909.5	0.5444990933909309	0.21860248881228975	0.02
55921.5	0.6933764058065689	0.6929466184782653	0.0153
55918.5	3.380928199474732	0.20615974568661355	0.0031
55925.5	3.8264547615287166	0.4142684423712874	0.245
55930.5	2.519854014151853	0.7789622617807193	0.0145
55950.5	3.9269268215813353	0.25048383648205286	0.004533
56013.5	2.290370851894422	0.9873393028378872	0.05402
56039.5	4.245229062252235	0.6924811973444003	0.0309
56007.5	3.608062439447187	0.5124868460272684	0.04
56017.5	4.134424653027811	0.42225186925811814	0.045
56018.5	2.2197308320815163	0.1378082888553856	0.091
56028.5	1.7571502215739827	0.3541709384609493	0.0076
56013.5	2.6637229588347893	0.2278003739702999	0.0571
